298.31
298.48
280.75
303.37
316.76
176.37
326.52
271.84
227.05
246.89
317.00
302.71
311.47
269.29
214.48
186.91
218.93
222.40
220.30
219.74
228.41
236.98
264.06
278.61
242.33
303.25
204.21
312.30
218.06
204.03
310.31
247.63
223.24
298.95
244.17
310.24
194.47
302.82
208.11
305.37
211.75
313.13
210.22
312.62
208.26
310.29
217.81
304.48
202.59
313.12
217.37
295.31
218.89
307.33
225.96
311.73
216.49
296.16
219.38
322.61
213.91
322.01
215.05
320.33
212.36
208.81
226.64
241.50
232.59
224.42
213.62
245.41
239.65
262.26
227.14
220.99
181.03
198.51
266.58
160.68
232.15
193.55
185.01
184.32
214.64
215.06
72.25
127.65
174.41
192.86
217.19
176.60
279.10
224.80
220.66
206.29
186.35
214.44
172.33
211.27
200.80
270.14
287.56
204.63
213.13
184.43
182.44
162.19
185.56
193.99
206.74
199.97
207.11
204.39
259.70
64.65
194.89
199.71
209.37
168.56
275.36
207.62
260.48
238.71
216.41
191.66
170.71
182.65
200.31
240.10
241.17
190.15
171.60
189.68
176.49
224.85
255.88
172.68
157.26
190.59
276.27
225.50
194.04
253.50
245.28
176.17
147.66
195.54
244.60
190.81
233.94
210.67
157.34
204.85
177.27
258.64
204.18
204.63
175.86
214.03
198.40
305.31
257.20
274.14
281.08
231.26
210.05
255.77
253.68
269.88
174.84
238.35
152.09
140.33
211.96
238.01
158.43
229.33
249.50
188.92
247.42
228.75
165.89
191.98
151.86
162.41
144.12
169.91
133.75
172.27
147.08
158.24
190.45
130.10
163.86
139.04
188.64
168.78
158.56
205.85
182.53
244.76
238.57
170.08
216.21
218.33
200.74
177.85
147.66
178.68
219.22
154.88
140.80
189.77
175.46
214.03
190.54
231.61
238.61
259.87
237.38
208.39
177.73
177.07
196.02
184.56
195.19
215.95
216.40
265.24
214.26
254.98
222.76
196.66
194.13
187.34
169.09
187.28
165.92
207.61
169.37
213.00
256.66
275.97
233.58
212.31
183.25
174.45
183.16
204.36
196.90
202.94
209.78
190.15
202.99
235.42
302.85
239.47
224.50
241.69
219.68
192.79
205.83
212.33
238.17
274.92
237.02
210.81
192.22
198.52
189.58
179.14
170.77
180.25
179.83
200.52
222.00
215.10
244.14
270.66
235.02
251.10
223.94
213.09
190.72
167.01
158.39
131.92
161.26
166.41
193.57
212.37
238.89
260.36
205.36
188.00
169.51
165.90
175.57
155.77
193.47
175.92
153.91
181.94
161.49
186.96
157.16
179.41
200.84
164.74
203.58
216.73
174.27
227.77
226.69
255.86
256.80
219.33
213.16
210.66
240.62
230.17
200.87
216.09
195.80
208.92
212.45
248.83
241.25
215.51
194.93
202.04
193.89
199.08
185.05
179.12
185.93
205.70
255.98
238.88
191.78
208.67
203.68
181.64
191.92
191.58
175.35
221.69
221.98
202.35
185.74
178.00
208.32
201.59
192.21
194.80
214.38
206.81
224.26
223.79
194.56
184.87
172.78
205.03
198.52
189.36
190.14
193.32
185.32
206.94
214.92
205.16
231.69
237.53
237.44
240.98
215.87
195.22
228.62
208.01
200.02
222.89
229.73
242.33
230.75
210.92
189.55
238.84
217.78
212.68
176.69
216.22
243.18
241.16
214.09
216.41
207.61
204.25
197.90
209.57
215.68
208.16
217.75
205.60
221.05
245.92
222.36
199.64
179.02
197.71
195.99
182.51
193.04
170.03
189.71
175.19
168.09
196.29
183.59
183.46
213.06
173.12
150.35
176.79
212.21
201.61
223.46
220.05
251.79
246.23
233.04
226.63
229.55
205.62
192.49
213.97
182.62
235.02
194.47
149.40
188.47
186.23
179.12
190.87
186.41
178.69
205.90
204.25
181.78
213.79
204.84
208.80
184.15
170.74
146.79
191.40
190.48
200.17
194.79
205.81
189.30
196.33
178.12
178.73
168.67
191.08
197.39
223.21
233.67
245.86
225.93
191.66
181.51
210.37
189.58
223.15
250.44
252.73
199.36
164.79
145.14
200.73
170.90
191.56
215.64
195.90
174.19
183.29
160.60
182.96
150.17
169.94
184.46
154.53
183.42
224.93
208.60
225.59
239.74
200.82
167.92
184.06
184.83
186.69
190.83
221.86
199.36
187.15
200.34
217.30
200.28
196.21
185.69
207.28
165.09
194.01
200.71
207.44
205.67
234.18
231.59
228.54
198.65
185.62
185.73
173.69
155.57
177.03
140.14
167.23
159.10
157.16
180.23
223.80
238.16
222.67
199.32
204.05
231.97
165.47
253.81
208.25
198.71
226.84
269.66
205.04
187.27
244.62
256.05
279.38
308.94
284.61
244.48
291.76
229.80
260.73
213.72
268.63
217.93
197.06
211.91
211.87
175.44
168.92
224.41
250.31
201.21
168.77
227.91
221.05
230.55
180.04
206.78
188.40
219.73
210.29
209.15
225.74
198.72
224.20
204.29
198.27
189.33
156.78
224.67
223.01
205.31
189.28
160.42
169.39
196.08
173.69
189.54
187.91
160.06
165.90
176.89
186.45
184.85
209.91
190.75
172.90
173.25
161.16
163.35
178.18
207.18
148.20
147.50
148.16
177.13
169.40
196.53
167.87
175.83
212.17
184.86
186.43
152.26
167.58
167.94
185.50
201.21
198.60
158.67
151.24
154.12
126.99
128.37
162.65
201.49
163.68
208.57
172.57
48.63
117.69
210.40
197.69
195.13
157.43
152.68
143.94
115.01
131.79
120.94
163.81
191.21
219.67
159.80
147.69
167.00
174.67
150.81
161.04
145.13
144.10
183.80
145.52
161.98
176.22
171.18
123.50
138.95
162.74
172.12
158.48
145.98
192.43
125.38
146.05
144.85
161.43
222.09
176.63
173.18
167.79
189.51
128.49
137.73
137.55
108.48
159.39
153.51
147.22
169.50
156.00
61.05
174.72
145.49
146.14
136.18
157.71
51.19
147.95
177.60
80.26
153.09
162.08
63.50
143.94
170.27
144.09
100.00
141.58
101.01
52.45
82.36
86.86
122.63
52.69
142.63
83.07
161.81
30.81
131.29
148.54
178.69
141.53
136.31
25.57
199.89
30.25
21.52
157.99
19.37
185.59
24.49
161.57
26.50
135.50
33.33
140.64
32.28
157.72
39.86
161.64
41.80
164.58
36.58
170.62
34.79
196.95
145.03
39.85
49.67
18.72
35.52
151.14
66.21
31.06
230.87
143.23
81.77
105.67
153.66
137.03
171.85
145.74
166.61
161.23
139.97
132.02
107.28
130.66
142.03
159.08
147.15
188.17
201.67
183.27
195.14
161.04
162.67
147.69
134.57
204.59
126.51
169.92
88.33
27.68
132.61
22.07
135.52
22.55
130.92
43.07
70.05
61.64
39.21
148.83
141.23
187.56
210.79
215.97
146.29
86.98
132.37
183.16
143.04
132.84
156.19
183.57
213.77
164.50
197.85
95.62
166.16
210.62
153.22
99.64
134.89
170.60
208.55
238.83
205.37
129.94
160.11
88.70
62.98
121.33
118.23
126.17
174.35
199.18
132.02
236.07
200.40
150.04
77.86
134.06
194.22
154.12
155.32
132.49
157.66
140.92
169.88
106.76
225.09
79.81
67.63
159.44
176.28
175.51
131.89
174.75
218.51
179.71
170.72
198.91
228.85
171.19
29.45
122.64
30.79
137.09
32.20
147.95
27.90
133.59
191.21
32.12
143.28
42.89
41.88
47.54
122.46
137.75
182.56
194.84
196.28
