540.36
576.98
901.44
758.80
640.61
5876.43
4418.79
591.04
2564.86
1248.37
4027.24
690.92
707.74
754.39
1093.05
1095.52
515.68
1688.78
804.01
1138.68
640.48
737.48
2864.03
810.00
931.14
1146.49
3363.19
3815.82
4376.95
666.03
3481.72
3320.92
557.21
3291.70
714.63
781.41
5436.14
5598.92
4004.21
5132.44
3644.68
3678.16
4374.24
4020.31
879.99
4004.25
3894.76
4239.34
3947.99
3987.94
4200.82
3950.93
5013.70
5557.02
4279.72
4039.59
3903.47
4205.06
4294.53
3343.43
3897.39
4147.08
4086.39
4042.43
980.54
590.63
637.21
564.21
875.92
821.60
949.02
843.99
718.00
660.49
622.92
817.47
516.98
817.54
1626.68
1146.92
1091.87
1035.16
684.29
569.53
886.93
861.67
6341.61
6590.65
1105.40
506.50
1291.16
606.50
1718.48
1356.81
576.42
742.82
651.02
576.32
813.59
943.73
1061.56
1478.00
710.90
1323.33
541.93
661.77
854.14
589.38
763.97
1232.02
877.83
838.08
840.78
758.03
1196.62
9300.08
2070.18
831.63
660.51
660.26
1950.14
837.45
514.17
724.18
916.83
798.51
1684.51
500.68
629.52
1095.89
619.68
618.56
901.06
859.09
531.12
1225.33
809.37
1363.62
503.92
744.19
1331.81
893.13
828.26
515.84
527.04
1330.02
634.42
555.77
1642.55
698.66
639.08
727.35
986.12
583.62
801.29
1475.41
924.23
831.04
538.85
669.86
501.34
981.46
528.45
948.39
600.06
821.40
587.90
1436.42
769.51
1023.30
1569.62
549.63
1662.61
2943.46
2670.09
637.56
2760.72
2209.86
1036.11
723.55
785.01
691.85
2391.35
2913.24
3116.50
2825.81
2847.99
2338.09
2496.42
2503.32
3248.67
2551.76
509.88
2364.01
2548.24
2633.26
2603.38
546.38
573.64
508.91
692.96
843.73
1142.71
732.92
527.48
1039.16
697.29
738.34
542.30
686.08
1719.11
1887.63
747.38
1096.31
1001.29
597.37
1008.51
2008.61
790.34
1468.12
1103.00
1031.95
774.12
572.21
767.71
816.62
508.78
847.27
1166.41
2188.83
1302.68
1223.42
991.89
2137.99
542.86
534.40
680.00
557.36
547.34
1634.75
1363.89
1505.48
1788.45
687.92
1215.95
743.32
1586.61
537.43
631.71
1124.06
607.10
738.17
506.03
1107.54
635.11
981.35
2978.71
1613.94
594.59
764.44
844.59
1064.23
731.83
624.60
1371.83
1379.99
635.14
1188.80
909.91
868.24
525.90
818.18
629.19
504.76
507.65
673.77
939.68
615.36
779.52
831.73
568.62
693.63
1383.99
681.48
791.32
671.88
537.29
974.98
731.95
553.44
879.01
1151.24
1678.46
702.96
1333.74
715.94
952.92
549.71
558.04
793.98
965.48
877.52
578.76
691.26
585.10
562.56
628.80
519.45
945.42
649.36
1483.59
938.40
1259.85
1070.42
1408.28
1583.35
1029.48
804.97
543.24
827.11
584.39
637.70
825.11
665.50
747.02
517.36
645.94
1326.35
851.62
569.76
802.30
880.62
677.39
1086.12
518.08
500.97
853.55
748.46
1383.53
688.56
1953.05
528.82
587.39
739.84
552.01
555.65
705.94
2443.39
516.39
896.89
696.36
579.65
1000.91
542.64
530.46
1018.71
822.57
638.97
803.64
663.81
1035.97
673.10
1315.60
604.56
560.09
677.69
536.46
618.63
573.05
716.65
985.71
1025.80
1175.31
953.89
561.71
662.48
685.63
1200.71
645.41
1006.94
593.82
593.59
1621.31
1277.53
741.18
693.96
598.28
524.49
872.39
550.11
704.35
823.40
865.19
722.17
967.19
1099.45
867.77
576.12
653.06
744.12
507.93
546.63
642.23
900.53
1179.81
1028.75
636.28
1215.88
774.44
692.23
702.11
571.41
624.10
627.28
888.45
608.42
747.00
683.88
522.25
646.71
971.81
1795.38
1644.72
789.63
849.95
729.80
501.51
745.49
893.74
501.53
976.21
517.19
605.84
503.23
1213.61
1158.71
961.09
2631.32
1829.04
1458.45
1713.96
960.80
824.00
739.91
511.59
655.49
510.04
539.12
888.33
658.15
588.43
574.31
940.38
551.20
1613.85
2275.06
710.75
577.46
686.23
648.95
526.59
511.82
792.13
754.10
540.15
752.77
509.16
918.36
563.37
655.90
738.28
661.89
789.80
846.11
685.37
1361.86
841.37
631.44
564.68
711.09
914.41
1086.28
537.10
753.34
791.81
755.86
527.30
821.59
1324.21
703.88
1007.55
507.03
736.22
745.55
916.98
502.19
541.25
1059.07
918.42
632.13
551.71
503.69
509.43
614.38
729.90
616.63
533.35
677.25
844.65
913.37
606.66
529.63
567.37
854.04
648.88
806.72
668.11
1105.42
791.53
690.46
674.74
504.58
1325.18
1069.78
771.95
533.05
639.74
809.50
1215.00
812.35
705.50
525.03
1099.44
1053.78
808.00
646.89
625.97
576.89
784.40
591.37
887.58
574.78
671.95
635.40
832.76
949.89
594.94
918.67
609.57
602.51
538.98
576.83
605.26
743.67
593.28
1177.81
563.52
822.45
824.35
770.51
537.32
610.99
591.60
516.70
991.25
1372.03
788.12
1096.11
1039.47
676.50
900.43
762.03
577.07
613.04
693.90
561.40
697.45
637.57
557.74
953.83
628.81
544.54
583.86
550.88
1206.70
754.88
502.82
697.16
1161.24
629.46
1330.86
677.33
561.83
548.32
521.00
707.34
716.30
1127.26
706.21
1093.51
1090.02
569.24
552.35
702.90
839.48
1008.99
710.66
600.55
992.76
506.77
874.61
507.45
1016.50
676.01
533.37
1686.48
679.20
586.60
683.39
1485.86
575.38
1742.33
1119.41
516.89
1147.79
711.89
578.53
508.61
509.63
1078.93
1203.60
759.55
980.41
1180.35
3554.20
1855.69
1879.97
780.81
757.80
1198.86
508.88
704.32
561.50
506.52
597.40
845.37
575.67
895.57
651.86
531.13
798.13
681.88
712.28
551.35
760.89
629.39
1238.36
903.19
648.84
1277.11
1080.66
1409.78
560.10
577.53
615.07
649.04
501.39
1383.38
515.56
873.62
635.76
686.47
617.44
1380.73
746.25
1294.30
792.91
638.35
875.40
513.93
1092.94
1331.60
891.09
689.43
565.72
584.71
11675.94
3079.92
635.15
845.47
511.56
516.24
11060.85
2676.50
892.07
8040.10
7715.76
528.93
11172.03
9811.66
1554.15
581.99
1193.76
1637.03
910.58
505.42
8051.48
8048.38
1020.16
10519.31
9054.41
562.94
6725.90
7455.18
2723.00
1010.21
1353.63
605.74
701.23
8494.78
10211.40
12597.20
743.46
11197.34
10504.52
10692.43
11804.56
10723.99
11174.26
8698.94
9719.78
10034.73
7169.62
9224.39
7959.91
9869.96
9560.58
9723.96
9571.53
9841.85
9379.74
11954.38
868.80
8689.51
504.41
547.88
643.38
9287.50
11132.89
1008.15
766.27
1545.65
1580.37
1188.35
1136.70
722.17
716.16
944.38
744.62
519.09
811.63
540.69
823.70
781.72
523.18
675.75
506.26
1232.40
608.78
603.58
523.97
1015.58
902.49
608.08
503.28
1737.29
757.23
675.54
11633.35
10119.32
7704.99
10063.27
6388.69
7894.54
8515.61
9867.56
858.29
688.17
882.51
816.17
527.11
549.08
1034.14
1119.77
705.92
1299.46
849.82
976.10
1163.83
624.56
1108.61
1110.90
583.09
930.57
514.21
2691.16
1737.14
1296.48
1465.82
1643.43
1037.72
1356.77
1151.53
942.36
667.13
2227.65
887.05
2046.25
521.26
771.04
514.29
507.45
630.75
1521.43
570.90
2819.21
1442.25
1407.04
1457.39
981.16
1735.44
1437.70
578.78
745.69
628.85
562.61
870.24
14667.51
16836.90
15464.40
583.73
1039.84
752.44
739.08
733.45
827.42
1041.10
915.44
772.18
502.60
557.49
914.54
8450.70
8008.78
8287.37
6830.64
6738.84
7543.46
6793.97
7935.51
743.05
6582.67
6771.02
8296.47
591.65
610.10
876.07
682.45
583.33
959.92
1214.32
